6 0.791016 0.594727 0.0625 0.181641
6 0.228516 0.848633 0.132812 0.115234
1 0.09375 0.382812 0.0703125 0.152344
6 0.205078 0.480469 0.0546875 0.101562
6 0.0791016 0.791992 0.0917969 0.251953
6 0.276367 0.730469 0.0761719 0.0703125
7 0.611328 0.827148 0.273438 0.333984
1 0.0908203 0.807617 0.111328 0.236328
1 0.202148 0.482422 0.0527344 0.105469
3 0.102539 0.148438 0.185547 0.230469
0 0.204102 0.479492 0.0566406 0.107422
6 0.910156 0.740234 0.164062 0.195312
6 0.331055 0.581055 0.126953 0.158203
6 0.764648 0.125 0.0683594 0.0976562
6 0.927734 0.553711 0.09375 0.0917969
6 0.618164 0.431641 0.111328 0.234375
1 0.227539 0.850586 0.126953 0.111328
6 0.427734 0.415039 0.238281 0.150391
1 0.762695 0.326172 0.138672 0.144531
6 0.925781 0.412109 0.0898438 0.105469
